S0_init:280
S1_init:280
S2_init:300
S3_init:310
S4_init:310
S5_init:320
S6_init:300
S7_init:290
S8_init:300
S9_init:300
S10_init:300
S11_init:300
S12_init:300
S13_init:300
S14_init:300
S15_init:300

S0_min:100
S1_min:100
S2_min:100
S3_min:100
S4_min:100
S5_min:100
S6_min:100
S7_min:100
S8_min:100
S9_min:100
S10_min:100
S11_min:100
S12_min:100
S13_min:100
S14_min:100
S15_min:100

S0_max:500
S1_max:500
S2_max:500
S3_max:500
S4_max:500
S5_max:500
S6_max:500
S7_max:500
S8_max:500
S9_max:500
S10_max:500
S11_max:500
S12_max:500
S13_max:500
S14_max:500
S15_max:500

1:B 300 300 300 300 300 300 300 300 300 400 500 450 200 400 300 350
2:A 300 400 300 180 300 190 300 420 300 400 500 450 200 400 300 350
3:A 300 160 300 420 300 450 300 160 500 450 200 400 300 350 150 200
4:A 300 300 300 300 300 300 300 300 300 400 500 450 200 400 300 350
5:B 300 300 300 300 300 300 300 300 300 300 300 300 300 300 300 300
6:B 300 300 300 300 300 300 300 300 300 300 300 300 300 300 300 300
7:B 300 300 300 300 300 300 300 300 300 300 300 300 300 300 300 300
8:B 300 300 300 300 300 300 300 300 300 300 300 300 300 300 300 300
9:A 330 240 300 360 270 240 300 240 300 300 300 300 300 300 300 300
10:A 330 360 300 360 270 360 300 240 300 300 300 300 300 300 300 300

11:A 330 240 300 240 270 240 300 360 300 300 300 300 300 300 300 300
12:A 330 360 300 240 270 360 300 360 300 300 300 300 300 300 300 300
13:B 300 300 300 300 300 300 300 300 300 300 300 300 300 300 300 300
14:B 300 300 300 300 180 300 300 300 300 300 300 300 300 300 300 300
15:B 300 380 300 300 200 300 300 300 300 300 300 300 300 300 300 300
16:A 180 380 300 300 180 300 300 300 300 300 300 300 300 300 300 300

17:A 300 410 300 190 300 410 300 190 300 400 500 450 200 400 300 350
18:B 300 300 300 300 300 300 300 300 300 400 500 450 200 400 300 350
19:A 300 190 300 410 300 190 300 410 300 400 500 450 200 400 300 350
20:B 300 160 300 420 300 450 300 160 500 450 200 400 300 350 150 200

21:B 360 400 300 440 220 200 300 160 300 400 500 450 200 400 300 350
22:B 300 400 300 440 300 200 300 160 300 400 500 450 200 400 300 350
23:B 360 180 300 180 220 440 300 420 300 400 500 450 200 400 300 350
24:B 300 180 300 200 300 440 300 400 300 400 500 450 200 400 300 350

25:B 300 350 300 300 300 300 300 250 300 400 500 450 200 400 300 350
26:B 300 300 300 350 300 250 300 300 300 400 500 450 200 400 300 350
27:B 300 250 300 300 300 300 300 350 300 400 500 450 200 400 300 350
28:B 300 300 300 250 300 350 300 300 300 400 500 450 200 400 300 350

29:B 300 300 300 300 300 300 300 300 300 300 300 300 300 300 300 300
30:B 300 300 300 300 180 300 300 300 300 300 300 300 300 300 300 300
31:B 300 380 300 300 200 300 300 300 300 300 300 300 300 300 300 300
32:A 180 380 300 300 180 300 300 300 300 300 300 300 300 300 300 300

33:B 300 400 300 180 300 190 300 420 300 400 500 450 200 400 300 350
34:A 300 350 300 250 300 350 300 250 300 400 500 450 200 400 300 350
35:A 300 250 300 350 300 250 300 350 300 400 500 450 200 400 300 350

36:B 330 240 300 360 270 240 300 240 300 300 300 300 300 300 300 300
37:B 330 360 300 360 270 360 300 240 300 300 300 300 300 300 300 300
38:B 330 240 300 240 270 240 300 360 300 300 300 300 300 300 300 300
39:B 330 360 300 240 270 360 300 360 300 300 300 300 300 300 300 300